t	x1	y1	x2	y2	
0,000	0,363	0,309	0,311	-0,378
0,033	0,363	0,309	0,311	-0,378
0,067	0,363	0,309	0,311	-0,378
0,100	0,363	0,309	0,311	-0,378
0,133	0,363	0,309	0,311	-0,378
0,167	0,363	0,309	0,321	-0,387
0,200	0,363	0,309	0,321	-0,387
0,233	0,363	0,309	0,321	-0,387
0,267	0,363	0,309	0,321	-0,387
0,300	0,363	0,309	0,321	-0,387
0,333	0,363	0,309	0,321	-0,387
0,367	0,363	0,309	0,317	-0,384
0,400	0,363	0,309	0,314	-0,384
0,433	0,363	0,309	0,314	-0,384
0,467	0,363	0,309	0,311	-0,384
0,500	0,363	0,309	0,311	-0,384
0,533	0,363	0,309	0,311	-0,384
0,567	0,363	0,309	0,311	-0,384
0,600	0,363	0,309	0,311	-0,384
0,633	0,363	0,309	0,311	-0,384
0,667	0,363	0,309	0,311	-0,384
0,700	0,363	0,309	0,311	-0,384
0,733	0,363	0,309	0,311	-0,384
0,767	0,363	0,309	0,311	-0,384
0,800	0,363	0,309	0,311	-0,384
0,833	0,363	0,309	0,304	-0,391
0,867	0,363	0,309	0,301	-0,391
0,900	0,363	0,309	0,298	-0,387
0,933	0,363	0,309	0,288	-0,387
0,967	0,363	0,309	0,275	-0,387
1,000	0,363	0,309	0,259	-0,381
1,033	0,363	0,309	0,243	-0,378
1,067	0,363	0,309	0,233	-0,374
1,100	0,363	0,309	0,220	-0,368
1,133	0,363	0,309	0,204	-0,365
1,167	0,363	0,309	0,194	-0,361
1,200	0,363	0,309	0,174	-0,352
1,233	0,366	0,309	0,158	-0,355
1,267	0,376	0,309	0,145	-0,352
1,300	0,376	0,309	0,129	-0,339
1,333	0,376	0,309	0,109	-0,329
1,367	0,376	0,309	8,954E-2	-0,326
1,400	0,389	0,309	7,978E-2	-0,319
1,433	0,389	0,309	6,024E-2	-0,303
1,467	0,389	0,309	5,047E-2	-0,296
1,500	0,389	0,309	3,093E-2	-0,287
1,533	0,389	0,309	1,140E-2	-0,274
1,567	0,389	0,309	-1,628E-3	-0,257
1,600	0,389	0,309	-1,465E-2	-0,251
1,633	0,389	0,309	-2,768E-2	-0,238
1,667	0,399	0,303	-4,070E-2	-0,225
1,700	0,399	0,303	-6,349E-2	-0,215
1,733	0,399	0,303	-7,326E-2	-0,208
1,767	0,396	0,306	-8,629E-2	-0,189
1,800	0,396	0,306	-9,606E-2	-0,176
1,833	0,396	0,306	-0,109	-0,156
1,867	0,396	0,306	-0,119	-0,150
1,900	0,396	0,306	-0,129	-0,137
1,933	0,396	0,306	-0,138	-0,117
1,967	0,396	0,306	-0,148	-0,104
2,000	0,396	0,306	-0,158	-9,117E-2
2,033	0,396	0,306	-0,164	-7,815E-2
2,067	0,405	0,300	-0,174	-5,861E-2
2,100	0,405	0,300	-0,184	-4,559E-2
2,133	0,405	0,300	-0,197	-2,605E-2
2,167	0,405	0,300	-0,197	-1,954E-2
2,200	0,405	0,300	-0,204	-2,220E-16
2,233	0,405	0,300	-0,213	1,954E-2
2,267	0,405	0,300	-0,220	3,582E-2
2,300	0,405	0,300	-0,223	4,884E-2
2,333	0,405	0,300	-0,233	6,512E-2
2,367	0,405	0,300	-0,239	8,140E-2
2,400	0,405	0,300	-0,239	9,443E-2
2,433	0,405	0,300	-0,249	0,114
2,467	0,405	0,300	-0,249	0,120
2,500	0,405	0,300	-0,252	0,134
2,533	0,405	0,300	-0,259	0,156
2,567	0,405	0,300	-0,265	0,169
2,600	0,405	0,300	-0,269	0,182
2,633	0,405	0,300	-0,272	0,195
2,667	0,405	0,300	-0,272	0,208
2,700	0,405	0,300	-0,275	0,221
2,733	0,405	0,300	-0,278	0,241
2,767	0,405	0,300	-0,282	0,247
2,800	0,405	0,300	-0,282	0,264
2,833	0,405	0,300	-0,282	0,274
2,867	0,405	0,300	-0,285	0,287
2,900	0,405	0,300	-0,285	0,300
2,933	0,405	0,300	-0,288	0,313
2,967	0,405	0,300	-0,285	0,326
3,000	0,412	0,322	-0,282	0,332
3,033	0,412	0,322	-0,282	0,339
3,067	0,412	0,322	-0,285	0,345
3,100	0,412	0,322	-0,285	0,352
3,133	0,412	0,322	-0,285	0,355
3,167	0,412	0,322	-0,285	0,361
3,200	0,412	0,322	-0,285	0,361
3,233	0,412	0,322	-0,285	0,365
3,267	0,412	0,322	-0,288	0,365
3,300	0,412	0,322	-0,288	0,365
3,333	0,412	0,322	-0,288	0,365
3,367	0,412	0,322	-0,288	0,365
3,400	0,405	0,326	-0,288	0,361
3,433	0,405	0,326	-0,288	0,352
3,467	0,405	0,326	-0,288	0,352
3,500	0,405	0,326	-0,288	0,352
3,533	0,405	0,326	-0,288	0,352
3,567	0,405	0,326	-0,288	0,352
3,600	0,405	0,326	-0,288	0,355
3,633	0,405	0,326	-0,288	0,355
3,667	0,405	0,326	-0,288	0,355
3,700	0,405	0,326	-0,288	0,352
3,733	0,405	0,326	-0,288	0,352
3,767	0,405	0,326	-0,288	0,352
3,800	0,405	0,326	-0,288	0,352
3,833	0,405	0,326	-0,288	0,352
3,867	0,405	0,326	-0,288	0,352
3,900	0,405	0,326	-0,288	0,352
3,933	0,405	0,326	-0,288	0,352
3,967	0,405	0,326	-0,288	0,352
4,000	0,405	0,326	-0,288	0,352
4,033	0,405	0,326	-0,288	0,352
4,067	0,405	0,326	-0,288	0,352
4,100	0,405	0,326	-0,288	0,352
4,133	0,405	0,326	-0,288	0,352
4,167	0,405	0,326	-0,288	0,352
4,200	0,405	0,326	-0,288	0,345
4,233	0,405	0,326	-0,288	0,345
4,267	0,405	0,326	-0,288	0,345
4,300	0,405	0,326	-0,288	0,342
4,333	0,405	0,326	-0,288	0,342
4,367	0,405	0,326	-0,288	0,342
4,400	0,405	0,326	-0,288	0,342
4,433	0,405	0,326	-0,288	0,342
4,467	0,405	0,326	-0,288	0,342
4,500	0,405	0,326	-0,288	0,342
4,533	0,405	0,326	-0,288	0,342
4,567	0,405	0,326	-0,288	0,342
4,600	0,405	0,326	-0,288	0,342
4,633	0,405	0,326	-0,288	0,342
4,667	0,405	0,326	-0,288	0,342
4,700	0,405	0,326	-0,288	0,342
4,733	0,405	0,326	-0,288	0,342
4,767	0,405	0,326	-0,288	0,342
4,800	0,405	0,326	-0,288	0,342
4,833	0,405	0,326	-0,288	0,335
4,867	0,405	0,326	-0,288	0,335
4,900	0,405	0,326	-0,288	0,335
4,933	0,405	0,326	-0,288	0,335
4,967	0,405	0,326	-0,288	0,335
5,000	0,405	0,326	-0,288	0,335
5,033	0,405	0,326	-0,288	0,335
5,067	0,405	0,326	-0,288	0,335
5,100	0,405	0,326	-0,288	0,335
5,133	0,405	0,326	-0,288	0,335
5,167	0,405	0,326	-0,288	0,335
5,200	0,405	0,326	-0,288	0,335
